100233
100234
100235
100272
100371
1009479
1009915
1010158
102507
1028355
1028356
1028387
1031537
1032745
103968
1042
1042239
1042988
1042989
1053376
1053911
1062
106649
1070624
1070626
1070629
1070642
107400
1075
1076619
1079578
1079580
1081862
1085088
1085434
109231
109238
1101446
1113
1122256
112819
112823
1129257
1132552
1132659
1132989
1133299
1133324
1144682
1145287
114704
114706
114707
114715
115547
1158923
1160
1161202
1168538
1173586
117464
1176
119
1191341
1191519
1193505
1198456
120965
1211
122
1225476
122808
122832
123601
123605
1236213
1247522
1249087
1259676
1260438
126362
126436
1267451
126839
1277869
1282857
129149
1300009
13006
1305696
1319949
1325469
133144
133156
1331729
1334967
134641
134649
134653
134656
134664
134668
1348470
1354239
1356769
1356797
1356813
1359350
1359605
1359620
1359697
13597
1359709
1359814
1359817
1359824
1359829
1359855
1359907
1359935
1359966
1359983
1360020
1360042
1360049
1360089
1360146
1360321
1360365
1360411
1360481
1360577
1360652
1360693
1360756
1360761
1360769
1360784
1360790
1360792
1360797
1360800
1361709
1361713
1361748
1361750
1361772
1361773
1361806
1361868
1361939
1362378
1362393
1362395
1362506
1362507
1362576
1362584
1362701
1362830
1362847
1362988
1363054
1363055
1363059
1363060
1363063
1363141
1363142
1363388
1363389
1363390
1363391
1363432
1363720
1363768
1363878
1363881
1363911
1363926
1363927
1363929
1363934
1364177
1364178
1364179
1364180
1364181
1364182
1364183
1364184
1364557
1364560
1364561
1364568
1364616
1364769
136996
137771
1380048
1387507
1392317
1393202
1400387
140101
1411316
141187
141189
1413687
142016
142017
1434386
1434679
1441865
1445552
1446905
1457543
1458425
1483553
1493691
1499271
1499272
1499273
151069
151071
1517551
1518501
151985
1520
152507
152509
152682
152704
153499
1536901
153809
1538146
153939
1549163
1549164
1552963
1552967
155640
155900
1562570
1563463
156405
1565544
156588
157176
157276
157277
157466
157472
1576369
1579981
158627
158751
158754
158755
158757
158836
159053
1593301
159960
1605283
1606593
1606594
160699
161230
1617188
1618022
1618635
1618696
1618719
1618725
1632864
1639886
1639887
164434
164435
164436
1645746
1647562
164851
165433
165435
165437
1659652
166587
167235
1676131
167756
1678684
1685800
1685838
169009
16903
1698773
1699685
169975
169976
1705412
1709941
171245
171248
171719
171952
171953
172265
172733
172788
1734922
1737140
173909
1743174
174329
1745246
1745944
1746027
1748258
1748770
1751068
1751072
1751124
1751166
1751167
175221
175227
175245
1755822
1755871
1758082
1759112
1759296
1759297
1759298
1759299
1759302
1759303
1759305
1760811
1763549
1772216
1779349
1785889
179109
179110
179723
179843
179883
1804631
1804632
1804633
1804634
1804635
1804637
1804638
1807846
1810620
1815557
181674
182070
182688
1828644
1834877
1836801
1837678
1844971
184584
1848773
185543
1855912
1856625
1861908
1861909
186741
1869190
1869227
1870904
1871043
1871048
1871049
1871053
1871066
1871071
1871086
1872122
1872480
1872526
187319
1874826
1879010
188056
1881117
1882749
1883427
188361
188363
188475
1886783
1888168
188913
1891241
1896336
1896940
1898104
189996
190148
190157
1902440
1903058
1904416
1904441
190530
1909294
1911421
1912891
1913981
1913988
1914239
1917218
1917865
1920858
1929291
193519
1935954
1936177
1940281
194250
194373
194843
194844
194923
195042
1962976
1965282
1969740
1971397
1972776
197502
1977262
1978231
1978549
1983266
1983279
1983769
198431
198618
199737
200297
2004799
2016285
201827
201859
2021370
2023172
2024826
2024840
2024855
2026716
2026780
2027313
2027314
2029855
2029863
2030811
2030927
2035356
2035813
2045414
204728
2047994
2047995
2047996
2047997
2052057
2052166
2053554
2053594
2055902
2055931
205878
2069592
207829
207831
207839
2079229
2079448
208544
208548
208549
210225
210347
210460
210934
211434
211438
211441
211454
211912
2126407
212695
212696
213322
213324
214038
215611
2161679
216655
216778
218023
218034
218296
219660
2202419
221106
221218
221237
223188
2248740
2249433
225345
22666
2283156
2291130
229543
2303333
2303644
231488
234389
236974
239
239175
239213
239565
239732
239745
239992
244328
246130
246132
246139
246143
2479424
2487363
2490580
2490941
2495791
2495792
2497875
2499140
2506144
2506421
2516559
2527691
2527828
2527829
2527830
2527973
2527976
2527984
2527999
2528004
2528023
2528024
253017
253871
2569093
2570586
257113
257202
257470
2576875
2576891
2583234
2588534
2591614
2591615
2592619
259834
259936
259945
259949
260755
2607981
261514
262323
262757
263765
2650471
2650924
2652289
265524
265549
265882
2662066
2666083
266767
267
2692166
2692169
2692173
2698828
2698829
2705321
2705322
2706754
2714940
2716028
2716030
2716091
2716093
2716095
2716109
2716382
2716383
2716384
2716416
2716883
2728021
2729351
2730081
2730403
2732372
2735273
2735528
2737616
2737617
2737618
2737619
2739061
2739434
2740452
2740453
2740454
2741500
2741501
2741720
2742701
2748667
276776
2771427
2780494
2790688
2790950
2798801
2802332
28081
28099
281272
28214
2822762
283740
285271
287609
288436
2886352
2886376
290602
2918727
291985
29204
292277
292815
293299
293303
293402
293405
2935761
29367
294
2942274
2944357
29468
2948575
29489
29541
2962110
296825
296995
2970891
2974615
29766
2984026
2984030
298571
300
3004098
303400
3035499
3036250
305318
306
3063756
3064265
307249
3077
3078749
3090627
309813
310067
310071
310091
3102
310606
3120278
3121345
312149
3153927
316083
316087
317
3175
3230487
324606
325109
32644
328278
328281
3289
329081
329091
329540
329911
33025
33069
33101
3317182
332354
333967
333969
336819
337518
337779
340221
34034
340711
344338
344448
348143
348146
3483
349273
35128
352351
355452
355454
358574
361
362690
363844
364199
367350
367354
367762
37334
373538
374425
374954
375454
375467
376
376207
37635
377616
38273
384764
38861
38865
391
392610
395358
395600
400142
40215
40686
407034
40796
40799
408142
408174
409
410722
41170
411917
412056
415609
418983
424800
425836
426497
427148
427599
4282
42895
430611
430695
434834
435295
436515
4403
443073
443922
44751
45060
451317
451319
451881
452310
452435
453
453413
453590
454001
457002
458695
459226
459262
459596
459599
46072
463303
466153
46914
472
475254
481135
483146
48465
485946
487318
49011
491146
49670
500530
500840
501927
502259
502333
50418
50419
50422
512288
521189
522608
52694
527666
528268
53206
535903
538921
539813
543031
543033
543080
543082
54310
546
546223
546226
54801
549818
550
55185
556054
561183
56765
570276
573
575322
575426
577
57706
577386
58039
585402
592361
59985
60121
604088
608512
622616
625924
634210
637652
640276
640278
64136
642195
644
645
647
650144
651290
65741
665900
666712
66844
670168
671069
671070
676192
678896
683415
68554
685565
685828
688348
69392
694021
698394
702034
702219
702235
70348
707003
707313
707665
707668
71035
714899
72407
72520
735512
74326
748857
754483
75706
75708
75722
760012
768556
77069
77113
77133
78237
78714
797541
79865
79875
79925
80879
81726
82907
82909
83861
84035
86027
860784
860786
862866
863685
86473
866510
86669
86958
86959
872913
876113
879968
886293
886353
886556
886798
886827
886848
886849
886850
886853
890097
89335
904068
904963
904980
904986
905017
91216
914433
914492
914635
914637
91750
93063
931011
938678
939126
939127
939129
940132
940644
948465
95300
97700
980254
981085
988779
991135
99658
