NTC_1	X	20.0	21.0	22.0	23.0	24.0	25.0	26.0	27.0	28.0	29.0	30.0	31.0	32.0	33.0	34.0	35.0	36.0
NTC_1	Y	1.0	0.0	0.0	0.0	1.0	1.0	0.0	4.0	6.0	23.0	36.0	36.0	20.0	39.0	44.0	42.0	8.0
NTC_2	X	17.0	18.0	19.0	20.0	21.0	22.0	23.0	24.0	25.0	26.0	27.0	28.0	29.0	30.0	31.0	32.0	33.0	34.0	35.0	36.0
NTC_2	Y	1.0	0.0	0.0	1.0	0.0	0.0	0.0	1.0	2.0	0.0	2.0	1.0	3.0	4.0	2.0	2.0	4.0	10.0	40.0	188.0
PAC_1	X	18.0	19.0	20.0	21.0	22.0	23.0	24.0	25.0	26.0	27.0	28.0	29.0	30.0	31.0	32.0	33.0	34.0	35.0	36.0	37.0
PAC_1	Y	1.0	2.0	2.0	7.0	13.0	34.0	89.0	223.0	486.0	1008.0	1894.0	2850.0	4097.0	5398.0	7259.0	9825.0	15770.0	41784.0	145666.0	130.0
PAC_2	X	12.0	13.0	14.0	15.0	16.0	17.0	18.0	19.0	20.0	21.0	22.0	23.0	24.0	25.0	26.0	27.0	28.0	29.0	30.0	31.0	32.0	33.0	34.0	35.0	36.0	37.0
PAC_2	Y	3.0	3.0	22.0	56.0	112.0	148.0	151.0	148.0	144.0	205.0	356.0	316.0	248.0	325.0	493.0	693.0	1059.0	1642.0	2424.0	3716.0	5500.0	8656.0	15480.0	42470.0	151068.0	1100.0
Site1_1_1	X	22.0	23.0	24.0	25.0	26.0	27.0	28.0	29.0	30.0	31.0	32.0	33.0	34.0	35.0	36.0	37.0
Site1_1_1	Y	7.0	28.0	64.0	176.0	408.0	808.0	1465.0	2308.0	3143.0	4434.0	6562.0	11182.0	25130.0	49340.0	15829.0	3.0
Site1_1_2	X	12.0	13.0	14.0	15.0	16.0	17.0	18.0	19.0	20.0	21.0	22.0	23.0	24.0	25.0	26.0	27.0	28.0	29.0	30.0	31.0	32.0	33.0	34.0	35.0	36.0	37.0
Site1_1_2	Y	1.0	5.0	10.0	36.0	62.0	78.0	41.0	37.0	36.0	67.0	121.0	147.0	80.0	97.0	128.0	156.0	268.0	424.0	762.0	1304.0	2366.0	4509.0	9956.0	30612.0	69206.0	378.0
Site1_2_1	X	20.0	21.0	22.0	23.0	24.0	25.0	26.0	27.0	28.0	29.0	30.0	31.0	32.0	33.0	34.0	35.0	36.0	37.0
Site1_2_1	Y	1.0	10.0	20.0	60.0	179.0	447.0	948.0	1840.0	3224.0	4987.0	6593.0	8795.0	11225.0	15872.0	30310.0	73421.0	209296.0	129.0
Site1_2_2	X	12.0	13.0	14.0	15.0	16.0	17.0	18.0	19.0	20.0	21.0	22.0	23.0	24.0	25.0	26.0	27.0	28.0	29.0	30.0	31.0	32.0	33.0	34.0	35.0	36.0	37.0
Site1_2_2	Y	2.0	20.0	57.0	117.0	131.0	179.0	149.0	134.0	118.0	195.0	358.0	483.0	522.0	798.0	1146.0	1727.0	2648.0	3899.0	5427.0	7779.0	11100.0	17621.0	35866.0	88606.0	187359.0	916.0
Site1_3_1	X	19.0	20.0	21.0	22.0	23.0	24.0	25.0	26.0	27.0	28.0	29.0	30.0	31.0	32.0	33.0	34.0	35.0	36.0	37.0
Site1_3_1	Y	1.0	2.0	2.0	8.0	27.0	84.0	227.0	482.0	977.0	1735.0	2713.0	3780.0	5240.0	6886.0	9720.0	15802.0	44940.0	156052.0	174.0
Site1_3_2	X	12.0	13.0	14.0	15.0	16.0	17.0	18.0	19.0	20.0	21.0	22.0	23.0	24.0	25.0	26.0	27.0	28.0	29.0	30.0	31.0	32.0	33.0	34.0	35.0	36.0	37.0
Site1_3_2	Y	2.0	9.0	40.0	67.0	132.0	151.0	111.0	103.0	73.0	154.0	248.0	321.0	294.0	474.0	798.0	1213.0	1767.0	2533.0	3546.0	5180.0	7331.0	11451.0	21392.0	60465.0	130436.0	561.0
Site2_1_1	X	17.0	18.0	19.0	20.0	21.0	22.0	23.0	24.0	25.0	26.0	27.0	28.0	29.0	30.0	31.0	32.0	33.0	34.0	35.0	36.0
Site2_1_1	Y	1.0	0.0	0.0	1.0	4.0	11.0	45.0	145.0	367.0	712.0	1331.0	2102.0	3138.0	4445.0	6391.0	9733.0	18022.0	36648.0	46160.0	10083.0
Site2_1_2	X	12.0	13.0	14.0	15.0	16.0	17.0	18.0	19.0	20.0	21.0	22.0	23.0	24.0	25.0	26.0	27.0	28.0	29.0	30.0	31.0	32.0	33.0	34.0	35.0	36.0	37.0
Site2_1_2	Y	4.0	3.0	20.0	51.0	90.0	98.0	64.0	31.0	42.0	70.0	131.0	157.0	98.0	105.0	126.0	171.0	279.0	421.0	686.0	1184.0	2197.0	4506.0	10474.0	35186.0	82710.0	435.0
Site2_2_1	X	21.0	22.0	23.0	24.0	25.0	26.0	27.0	28.0	29.0	30.0	31.0	32.0	33.0	34.0	35.0	36.0
Site2_2_1	Y	3.0	5.0	30.0	82.0	225.0	441.0	893.0	1458.0	2232.0	3162.0	4366.0	6888.0	12403.0	27845.0	42275.0	10075.0
Site2_2_2	X	12.0	13.0	14.0	15.0	16.0	17.0	18.0	19.0	20.0	21.0	22.0	23.0	24.0	25.0	26.0	27.0	28.0	29.0	30.0	31.0	32.0	33.0	34.0	35.0	36.0	37.0
Site2_2_2	Y	1.0	4.0	10.0	31.0	51.0	69.0	54.0	39.0	35.0	50.0	94.0	109.0	89.0	86.0	117.0	199.0	283.0	433.0	831.0	1304.0	2446.0	4580.0	10354.0	32457.0	58395.0	262.0
Site2_3_1	X	18.0	19.0	20.0	21.0	22.0	23.0	24.0	25.0	26.0	27.0	28.0	29.0	30.0	31.0	32.0	33.0	34.0	35.0	36.0	37.0
Site2_3_1	Y	1.0	0.0	2.0	6.0	13.0	40.0	120.0	299.0	682.0	1372.0	2389.0	3584.0	4815.0	6500.0	8186.0	11316.0	18697.0	54387.0	170271.0	162.0
Site2_3_2	X	10.0	11.0	12.0	13.0	14.0	15.0	16.0	17.0	18.0	19.0	20.0	21.0	22.0	23.0	24.0	25.0	26.0	27.0	28.0	29.0	30.0	31.0	32.0	33.0	34.0	35.0	36.0	37.0
Site2_3_2	Y	1.0	0.0	5.0	19.0	52.0	65.0	125.0	129.0	153.0	112.0	130.0	166.0	326.0	354.0	375.0	532.0	888.0	1315.0	1888.0	2783.0	3922.0	5661.0	7975.0	12559.0	23024.0	63477.0	155810.0	996.0
Site3_1_1	X	30.0	31.0	32.0	33.0	34.0	35.0	36.0
Site3_1_1	Y	1.0	1.0	0.0	0.0	0.0	1.0	1.0
Site3_1_2	X	28.0	29.0	30.0	31.0	32.0	33.0	34.0	35.0
Site3_1_2	Y	1.0	0.0	0.0	0.0	0.0	1.0	0.0	2.0
Site3_2_1	X	20.0	21.0	22.0	23.0	24.0	25.0	26.0	27.0	28.0	29.0	30.0	31.0	32.0	33.0	34.0	35.0	36.0	37.0
Site3_2_1	Y	1.0	7.0	17.0	30.0	81.0	228.0	561.0	1203.0	1999.0	3083.0	4269.0	5680.0	7336.0	10540.0	17746.0	52356.0	131107.0	87.0
Site3_2_2	X	12.0	13.0	14.0	15.0	16.0	17.0	18.0	19.0	20.0	21.0	22.0	23.0	24.0	25.0	26.0	27.0	28.0	29.0	30.0	31.0	32.0	33.0	34.0	35.0	36.0	37.0
Site3_2_2	Y	1.0	10.0	24.0	85.0	113.0	82.0	103.0	76.0	74.0	120.0	276.0	290.0	283.0	404.0	626.0	940.0	1436.0	2159.0	3172.0	4546.0	6935.0	10894.0	20522.0	58259.0	124241.0	660.0
Site3_3_1	X	20.0	21.0	22.0	23.0	24.0	25.0	26.0	27.0	28.0	29.0	30.0	31.0	32.0	33.0	34.0	35.0	36.0	37.0
Site3_3_1	Y	1.0	9.0	17.0	73.0	178.0	394.0	777.0	1398.0	2140.0	3167.0	4404.0	6342.0	9765.0	17460.0	33234.0	41232.0	10638.0	1.0
Site3_3_2	X	12.0	13.0	14.0	15.0	16.0	17.0	18.0	19.0	20.0	21.0	22.0	23.0	24.0	25.0	26.0	27.0	28.0	29.0	30.0	31.0	32.0	33.0	34.0	35.0	36.0	37.0
Site3_3_2	Y	1.0	2.0	17.0	46.0	64.0	94.0	68.0	52.0	56.0	74.0	113.0	135.0	100.0	106.0	135.0	203.0	318.0	494.0	835.0	1380.0	2470.0	4778.0	10917.0	34997.0	73459.0	316.0
Site4_1_1	X	19.0	20.0	21.0	22.0	23.0	24.0	25.0	26.0	27.0	28.0	29.0	30.0	31.0	32.0	33.0	34.0	35.0	36.0	37.0
Site4_1_1	Y	1.0	1.0	6.0	8.0	26.0	57.0	143.0	297.0	669.0	1131.0	1673.0	2310.0	3092.0	4095.0	5576.0	9158.0	25470.0	88932.0	115.0
Site4_1_2	X	12.0	13.0	14.0	15.0	16.0	17.0	18.0	19.0	20.0	21.0	22.0	23.0	24.0	25.0	26.0	27.0	28.0	29.0	30.0	31.0	32.0	33.0	34.0	35.0	36.0	37.0
Site4_1_2	Y	1.0	6.0	21.0	48.0	57.0	55.0	72.0	55.0	53.0	94.0	143.0	154.0	161.0	235.0	370.0	506.0	763.0	1155.0	1748.0	2614.0	3827.0	5926.0	10700.0	28910.0	84408.0	678.0
Site4_2_1	X	21.0	22.0	23.0	24.0	25.0	26.0	27.0	28.0	29.0	30.0	31.0	32.0	33.0	34.0	35.0	36.0	37.0
Site4_2_1	Y	1.0	2.0	2.0	7.0	38.0	72.0	125.0	234.0	339.0	503.0	564.0	809.0	1109.0	1913.0	5646.0	11257.0	1.0
Site4_2_2	X	14.0	15.0	16.0	17.0	18.0	19.0	20.0	21.0	22.0	23.0	24.0	25.0	26.0	27.0	28.0	29.0	30.0	31.0	32.0	33.0	34.0	35.0	36.0	37.0
Site4_2_2	Y	5.0	10.0	7.0	8.0	9.0	6.0	9.0	12.0	22.0	17.0	22.0	27.0	63.0	89.0	119.0	174.0	268.0	410.0	645.0	932.0	1825.0	4977.0	12882.0	84.0
Site4_3_1	X	19.0	20.0	21.0	22.0	23.0	24.0	25.0	26.0	27.0	28.0	29.0	30.0	31.0	32.0	33.0	34.0	35.0	36.0	37.0
Site4_3_1	Y	1.0	2.0	16.0	32.0	70.0	163.0	423.0	874.0	1929.0	3319.0	5313.0	7857.0	10962.0	15273.0	23618.0	46028.0	137953.0	135258.0	5.0
Site4_3_2	X	9.0	10.0	11.0	12.0	13.0	14.0	15.0	16.0	17.0	18.0	19.0	20.0	21.0	22.0	23.0	24.0	25.0	26.0	27.0	28.0	29.0	30.0	31.0	32.0	33.0	34.0	35.0	36.0	37.0
Site4_3_2	Y	1.0	0.0	0.0	7.0	22.0	47.0	94.0	124.0	186.0	168.0	141.0	142.0	201.0	383.0	363.0	290.0	290.0	449.0	647.0	1147.0	1876.0	3053.0	5078.0	8870.0	15979.0	33789.0	100426.0	214252.0	1071.0
XB_1	X	21.0	22.0	23.0	24.0	25.0	26.0	27.0	28.0	29.0	30.0	31.0	32.0	33.0	34.0	35.0	36.0
XB_1	Y	1.0	3.0	0.0	13.0	20.0	44.0	88.0	108.0	163.0	231.0	311.0	441.0	555.0	1158.0	5519.0	4930.0
XB_2	X	13.0	14.0	15.0	16.0	17.0	18.0	19.0	20.0	21.0	22.0	23.0	24.0	25.0	26.0	27.0	28.0	29.0	30.0	31.0	32.0	33.0	34.0	35.0	36.0	37.0
XB_2	Y	2.0	0.0	0.0	7.0	2.0	5.0	3.0	11.0	8.0	21.0	41.0	69.0	85.0	99.0	94.0	113.0	172.0	179.0	217.0	321.0	472.0	881.0	3721.0	7033.0	29.0
