100233
100235
100272
100371
1010493
1010511
1010528
1010586
1080409
109231
109238
1136067
114053
1141622
114243
115547
1159274
1182015
1182250
120965
1211
123251
129059
1295078
130367
1305752
13136
1326761
137771
1387523
1387525
1387526
1400982
1411623
1458931
146143
1461544
1486445
1486458
1491831
1519962
152507
152704
155900
156131
156133
1563512
1563515
156587
157276
1606474
1606476
1606477
1606479
1606480
1606481
1606482
1606483
1606582
1606584
1606597
1606612
1606632
1606635
1606638
1606695
1606766
160705
161398
163516
165436
1659307
1659652
168826
171248
171259
172788
173331
173342
1737140
1746027
175245
1771288
1778489
1779349
1798917
183512
186043
1869227
1871068
1906738
1907202
1907788
1918652
1918653
1930273
1950937
1951536
1968823
1971899
197759
197888
1982007
198431
2018706
2026743
203449
2083208
208526
210602
2126271
213324
213591
213592
214685
214687
216927
219660
228179
2282382
2305497
243198
243282
2518994
2565277
257466
2590921
2593073
259317
2607331
2608457
265321
265540
265549
265575
265581
265599
2662264
2663379
2735273
2749911
2770866
2812483
2833768
2833769
2833770
2856
2862141
2867502
2867503
2867505
293344
2934966
294936
296585
296655
296657
296658
298571
3003
303405
3034614
303935
3073325
3082010
3098633
310071
3106063
3159519
3231089
3231090
3235060
3235062
327798
332614
3395319
34034
3420109
345254
352351
35677
35679
358574
360281
360836
371672
379994
388278
390373
392900
412158
41457
415540
41886
426630
427148
43654
43655
445362
4641
464243
464274
490245
491892
50731
515483
51758
51765
521181
531324
531327
53249
542473
555756
561098
56763
56765
568900
584627
59665
59666
625924
660
660913
661771
676241
678
689
70868
721873
722564
77133
7932
864064
86473
879968
884108
89381
9031
904980
908985
91750
91992
939696
94928
9606
9615
9736
9823
9913
998083
